# V
50.0000000000
46.1376160000
42.5410560000
39.1964960000
36.0904960000
33.2100000000
30.5423360000
28.0752160000
25.7967360000
23.6953760000
21.7600000000
19.9798560000
18.3445760000
16.8441760000
15.4690560000
14.2100000000
13.0581760000
12.0051360000
11.0428160000
10.1635360000
9.3600000000
8.6252960000
7.9528960000
7.3366560000
6.7708160000
6.2500000000
5.7692160000
5.3238560000
4.9096960000
4.5228960000
4.1600000000
3.8179360000
3.4940160000
3.1859360000
2.8917760000
2.6100000000
2.3394560000
2.0793760000
1.8293760000
1.5894560000
1.3600000000
1.1417760000
0.9359360000
0.7440160000
0.5679360000
0.4100000000
0.2728960000
0.1596960000
0.0738560000
0.0192160000
0.0000000000
0.0208160000
0.0866560000
0.2028960000
0.3752960000
0.6100000000
0.9135360000
1.2928160000
1.7551360000
2.3081760000
2.9600000000
3.7190560000
4.5941760000
5.5945760000
6.7298560000
8.0100000000
9.4453760000
11.0467360000
12.8252160000
14.7923360000
16.9600000000
19.3404960000
21.9464960000
24.7910560000
27.8876160000
31.2500000000
34.8924160000
38.8294560000
43.0760960000
47.6476960000
52.5600000000
57.8291360000
63.4716160000
69.5043360000
75.9445760000
82.8100000000
90.1186560000
97.8889760000
106.1397760000
114.8902560000
124.1600000000
133.9689760000
144.3375360000
155.2864160000
166.8367360000
179.0100000000
191.8280960000
205.3132960000
219.4882560000
234.3760160000
250.0000000000
