# V
28539.4486824901
26296.4518174198
24188.0473154345
22208.7541099764
20353.2047569263
18616.1454346038
16992.4359437674
15477.0497076142
14065.0737717804
12751.7088043406
11532.2690958085
10402.1825591366
9356.9907297159
8392.3487653765
7504.0254463872
6687.9031754556
5939.9779777280
5256.3595007895
4633.2710146642
4067.0494118148
3554.1452071428
3091.1225379886
2674.6591641313
2301.5464677888
1968.6894536179
1673.1067487141
1411.9306026117
1182.4068872837
981.8950971422
807.8683490377
657.9133822598
529.7305585367
421.1338620356
330.0508993622
254.5228995613
192.7047141163
142.8648169495
103.3853044218
72.7618953332
49.6039309223
32.6343748665
20.6898132820
12.7204547238
7.7901301857
5.0762931004
3.8700193393
3.5760072124
3.7125774689
3.9116732964
3.9188603217
3.5933266099
2.9078826654
1.9489614309
0.9166182884
0.1245310583
0.0000000000
1.0839478116
4.0309196300
9.6090830309
18.7002280289
32.2997670773
51.5167350681
77.5737893323
111.8072096395
155.6668981982
210.7163796557
278.6328010982
361.2069320503
460.3431644759
578.0595127772
716.4876137957
877.8727268114
1064.5737335429
1279.0631381481
1523.9270672233
1801.8652698038
2115.6911173634
2468.3316038152
2862.8273455106
3302.3325812400
3790.1151722326
4329.5566021565
4924.1519771183
5577.5100256637
6293.3530987770
7075.5171698814
7927.9518348387
8854.7203119499
9859.9994419544
10948.0796880304
12123.3651357953
13390.3734933048
14753.7360910538
16218.1978819756
17788.6174414426
19469.9669672660
21267.3322796956
23185.9128214200
25231.0216575667
27408.0854757021
29722.6445858312
