# V
78528.0116160726
69235.0752173338
60869.4606614867
53356.1607812260
46624.7856184759
40609.3699322428
35248.1847866774
30483.5532193486
26261.6699897291
22532.4254078909
19249.2332434128
16368.8627144986
13851.2745573070
11659.4611754915
9759.2908699527
8119.3561488008
6710.8261175295
5507.3029494015
4484.6824360437
3621.0186182556
2896.3924970268
2292.7848247669
1793.9529767461
1385.3119027468
1053.8191589266
787.8640198919
577.1606709834
412.6454807720
286.3783537664
191.4481633310
121.8822648158
72.5600888970
39.1308151287
17.9351257058
5.9310394377
0.6238259340
0.0000000000
2.4653962446
6.7873238983
12.0408018431
17.5588738530
22.8870040457
27.7415525456
31.9723313578
35.5292404532
38.4329840648
40.7498671949
42.5706723336
43.9936163885
45.1113878254
46.0022640199
46.7253088205
47.3196503225
47.8078388532
48.2032851685
48.5217788594
48.7970869716
49.1006328341
49.5652551008
50.4130470015
51.9872758055
54.7883824954
59.5140616522
67.1034215517
78.7852244718
96.1302072113
121.1074818192
156.1450165355
204.1941969432
268.7984673314
354.1660522688
465.2467583897
607.8128563895
788.5440432330
1015.1164845722
1296.2959373763
1642.0349527724
2063.5741590975
2573.5476251614
3186.0923037206
3916.9615551642
4783.6427514093
5805.4789600094
7003.7947084723
8402.0258287900
10025.8533821796
11903.3416640351
14065.0802890905
16544.3303567939
19377.1746968927
22602.6721952301
26263.0161997525
30403.6970067282
35073.6684271768
40325.5184335106
46215.6438863858
52804.4293417666
60156.4299381979
68340.5583642920
77430.2759064243
87503.7875766408
