# V
378.9945432222
364.9316514703
351.1181838492
337.5551149938
324.2434195391
311.1840721197
298.3780473707
285.8263199268
273.5298644229
261.4896554939
249.7066677746
238.1818758999
226.9162545046
215.9107782237
205.1664216918
194.6841595440
184.4649664151
174.5098169399
164.8196857533
155.3955474901
146.2383767853
137.3491482736
128.7288365899
120.3784163690
112.2988622460
104.4911488555
96.9562508324
89.6951428116
82.7087994281
75.9981953165
69.5643051118
63.4081034488
57.5305649625
51.9326642876
46.6153760589
41.5796749115
36.8265354801
32.3569323995
28.1718403047
24.2722338305
20.6590876117
17.3333762833
14.2960744800
11.5481568367
9.0905979884
6.9243725697
5.0504552157
3.4698205611
2.1834432408
1.1922978897
0.4973591426
0.0996016344
0.0000000000
0.1995288742
0.6991628918
1.4998766877
2.6026448968
4.0084421539
5.7182430939
7.7330223517
10.0537545620
12.6814143599
15.6169763800
18.8614152573
22.4157056267
26.2808221229
30.4577393809
34.9474320355
39.7508747216
44.8690420739
50.3029087275
56.0534493171
62.1216384776
68.5084508438
75.2148610507
82.2418437330
89.5903735256
97.2614250634
105.2559729813
113.5749919141
122.2194564966
131.1903413637
140.4886211503
150.1152704912
160.0712640213
170.3575763754
180.9751821885
191.9250560953
203.2081727307
214.8255067296
226.7780327268
239.0667253572
251.6925592556
264.6565090570
277.9595493961
291.6026549078
305.5868002270
319.9129599885
334.5821088272
349.5952213780
364.9532722757
