# V
91469.3065765798
79648.2232865401
69100.0503087049
59715.8922262422
51393.8098275746
44038.5249174687
37561.1313647760
31878.8123868293
26914.5640704905
22596.9251298530
18859.7129005969
15641.7655709978
12886.6906495890
10542.6196694767
8561.9691293089
6901.2076708978
5520.6294934950
4384.1340047207
3459.0117081457
2715.7363275272
2127.7631676977
1671.3337121075
1325.2864570201
1070.8739823616
891.5862592231
772.9801940161
702.5154092824
669.3962611559
664.4200934788
679.8317285709
709.1841946522
747.2056899185
789.6727832715
833.2898517008
875.5747543202
914.7507430572
949.6446099955
979.5910713718
1004.3433882245
1023.9902236970
1038.8787369941
1049.5439139910
1056.6441344969
1060.9029761711
1063.0572550924
1063.8113029826
1063.7974810826
1063.5429306822
1063.4425603034
1063.7382695367
1064.5044095312
1065.6394801375
1066.8640637044
1067.7249955292
1067.6057709605
1065.7431891549
1061.2502334874
1053.1451886147
1040.3869941916
1021.9168352416
996.7059691799
963.8097894906
922.4281260570
871.9717821446
812.1353080386
742.9760113341
664.9992038794
579.2496853734
487.4094636158
391.9017114108
296.0009601245
203.9495298949
121.0801964961
53.9450948555
10.4508592239
0.0000000000
33.6385172073
124.2097506250
286.5144665716
537.4771813428
896.3187213017
1384.7350196233
2027.0821496918
2850.5675951513
3885.4477566102
5165.2316949985
6726.8911115789
8611.0765646109
10862.3399226687
13529.3630546118
16665.1927562096
20327.4819134191
24578.7369023160
29486.5712256789
35123.9653862275
41569.5329965132
48907.7931254644
57229.4488815835
66631.6722327989
77218.3950629692
89100.6064650414
